# This file may be used to create an environment using:
# $ conda create --name <env> --file <this file>
# platform: win-64
# created-by: conda 25.5.1
altgraph=0.17.4=pypi_0
bzip2=1.0.8=h2bbff1b_6
ca-certificates=2025.8.3=h4c7d964_0
expat=2.7.1=h8ddb27b_0
freeglut=3.4.0=h8a1e904_1
icu=73.1=h6c2663c_0
jpeg=9e=h827c3e9_3
krb5=1.21.3=he4457a5_1
lerc=4.0.0=h5da7b33_0
libclang13=14.0.6=default_h8e68704_2
libdeflate=1.22=h5bf469e_0
libffi=3.4.4=hd77b12b_1
libiconv=1.16=h2bbff1b_3
libpng=1.6.39=h8cc25b3_0
libpq=17.4=h4a159e6_1
libtiff=4.5.1=h44ae7cf_1
libwebp-base=1.3.2=h3d04722_1
libxml2=2.13.8=h866ff63_0
libxslt=1.1.41=h0739af5_0
lz4-c=1.9.4=h2bbff1b_1
minizip=4.0.3=hb68bac4_0
openssl=3.5.1=h725018a_0
packaging=25.0=pypi_0
pefile=2023.2.7=pypi_0
pip=25.1=pyhc872135_2
psutil=7.0.0=py310ha8f682b_0
pyinstaller=6.14.2=pypi_0
pyinstaller-hooks-contrib=2025.8=pypi_0
pyside6=6.7.2=py310h5ef65bb_0
python=3.10.18=h981015d_0
python_abi=3.10=2_cp310
pywin32-ctypes=0.2.3=pypi_0
qt=6.7.2=haa95532_0
qt-main=6.7.2=haa95532_0
qt5compat=6.7.2=hda331cc_0
qtbase=6.7.2=h0804d20_1
qtdeclarative=6.7.2=h5da7b33_0
qtimageformats=6.7.2=h0324649_0
qtshadertools=6.7.2=h5da7b33_0
qtsvg=6.7.2=hf2fb9eb_0
qttools=6.7.2=h0de5f00_0
qttranslations=6.7.2=h5da7b33_0
qtwebchannel=6.7.2=h5da7b33_0
qtwebengine=6.7.2=h601c93c_0
qtwebsockets=6.7.2=h5da7b33_0
setuptools=80.9.0=pyhff2d567_0
sqlite=3.50.2=hda9a48d_1
tk=8.6.14=h5e9d12e_1
tzdata=2025b=h04d1e81_0
ucrt=10.0.22621.0=haa95532_0
vc=14.42=haa95532_5
vc14_runtime=14.44.35208=h4927774_10
vs2015_runtime=14.44.35208=ha6b5a95_10
wheel=0.45.1=pyhd8ed1ab_1
xz=5.6.4=h4754444_1
zlib=1.2.13=h8cc25b3_1
zstd=1.5.6=h8880b57_0
